775
838
1488
2452
3961
5434
5862
6985
7083
7126
7161
8280
8571
9047
9865
10868
11064
11294
11305
11804
12794
14557
15784
16318
18770
18975
19727
19945
23064
25144
26493
26608
26836
29620
29802
30441
33116
33763
35902
37715
40306
40583
40742
42170
42419
43050
44319
46450
48604
49353
49731
49779
50809
51820
53031
53821
54189
55307
57654
59855
60065
60486
61327
61395
61828
63110
64624
64951
65871
67731
70611
72880
73986
74639
77169
77698
78213
79006
84595
84602
84645
84689
84717
84749
84840
84846
85665
85948
86214
87101
87864
87894
88347
89806
89856
89867
89878
89907
89908
89915
89919
89940
89950
89954
89978
89979
89985
89987
89995
90003
90004
90014
90016
90031
90034
90038
90039
90040
90053
90064
90077
90078
90082
90087
90091
90097
90104
90149
90150
90161
90167
90169
90173
90179
90181
90182
90192
90196
90968
91116
91814
93481
95210
95220
95232
95233
95235
95238
95252
95255
95261
95270
95291
95295
95297
95303
95304
95306
95307
95314
95316
95317
95319
95323
95324
95326
95327
95328
95330
95335
95337
95341
95344
95350
95354
95357
95359
95362
95365
95372
95376
95378
95380
95384
95386
95388
95389
95403
95404
95406
95417
95422
95423
95430
95432
95435
95436
95437
95439
95450
95453
95458
95462
95473
95477
95480
95486
95487
95489
95493
95498
95502
95506
95509
95511
95513
95518
95539
95545
95547
95551
95553
95561
95571
95573
95574
95589
95590
96527
98217
99217
99726
100163
100248
100264
100519
100586
102529
102586
102596
102661
104215
104221
104229
104264
104277
104279
104294
104314
104330
104355
104395
107143
107407
107422
108603
108609
108640
108661
108670
108672
108675
108685
108703
108713
108747
108758
108759
108762
108763
108798
108814
109823
111651
111707
111730
111742
111753
111780
112700
112781
112919
113133
113334
114501
117883
118101
118335
118760
118905
120858
121237
122092
122394
123657
124150
124521
124551
124555
124581
124613
124954
125894
126159
126504
128049
128140
128192
128204
128220
128224
128226
128234
128244
128249
128250
128260
128274
128286
128297
128442
128471
128472
128541
128547
129369
130144
131222
132035
132530
132585
132602
132613
132622
132627
132631
132633
132654
132682
132701
132705
132731
132744
132751
132761
132765
132766
132776
132793
132794
133002
133214
133433
133594
134647
134667
134707
135167
135312
135841
136353
136574
137708
137770
137802
137818
137832
138000
138007
138008
138009
138010
138012
138015
138030
138039
138041
138042
138045
138046
138049
138050
138051
138053
138054
138057
138058
138060
138064
138066
138068
138071
138078
138082
138083
138085
138086
138087
138089
138090
138099
138100
138112
138115
138117
138118
138131
138135
138136
138137
138143
138146
138149
138155
138161
138164
138175
138176
138179
138188
138199
138647
141365
142086
142621
143084
143303
143321
143323
143324
143332
143335
143338
143345
143361
143362
143364
143366
143372
143383
143384
143387
143390
143396
143397
143399
143404
143414
143416
143417
143426
143432
143437
143438
143441
143443
143448
143457
143468
143469
143475
143480
143483
143484
143502
143511
143520
143530
143539
143550
143552
143562
143571
143588
143597
143735
145148
145790
147063
147804
148037
148058
148610
148688
148723
148726
148728
148743
148750
148779
148794
148802
148806
148811
148835
148838
148851
148862
148878
148896
148898
150012
151102
154050
154588
155175
155461
156411
159004
159505
159570
159880
160211
160718
162864
162869
163579
163973
164991
167476
167488
170213
170541
170640
171039
171315
171680
175877
176721
180774
181910
181996
182571
183589
183784
183916
184243
185941
186041
187704
187923
189204
191595
193249
193877
194105
195845
196494
196865
199899
200338
201263
203829
205079
206313
207259
207732
207812
207945
210014
211601
213626
214990
215310
216544
216817
217702
218338
218388
219009
219497
219546
222086
223233
224248
224688
224919
226322
227437
228519
228636
228690
228849
229325
230259
232225
236777
236872
238694
238722
239812
242141
242180
242268
242554
243064
244569
244602
247879
248073
248137
249061
250405
250614
250912
251227
251743
251771
255374
255756
256362
256430
256486
256487
257695
258003
258460
258560
259338
259344
259653
261888
261902
261905
261926
261931
261945
261953
261960
261974
261978
261986
261992
261996
262013
262023
262027
262052
262059
262061
262075
262091
262098
262695
263881
264581
264907
264930
264964
264990
266018
267037
267259
269683
270202
270207
270214
270223
270286
270287
270299
270354
270363
270370
270373
270395
270981
272112
272176
272210
272214
272233
272253
272256
272261
272289
273845
274007
274492
276098
276254
276539
276566
276601
276614
276618
276619
276630
276649
276699
276702
276706
276722
276729
276731
276733
276746
276749
276759
276783
276797
279394
280045
280081
280105
280128
280143
280152
280158
280159
280169
280178
280183
280193
280212
280222
280223
280226
280232
280237
280245
280250
280277
280282
280283
280286
280294
280310
280313
280372
280377
280689
281103
282274
283299
283693
283940
284129
284604
284964
285550
286275
287786
288084
288469
289755
291539
293051
293575
293733
296879
301451
303747
303753
303800
303802
303809
303817
303826
303839
303842
303845
303861
303866
303886
303936
303947
303992
304008
304010
304019
304041
304070
304081
304082
304086
304088
304200
304204
305109
305268
305394
305536
306315
307731
308589
308694
308702
308730
308852
308854
309203
310500
314160
314171
314176
314389
314459
314819
314851
314920
315450
315840
316089
317248
318009
319053
319883
321303
324687
326119
326311
326977
327208
328006
329051
329877
330100
331192
332947
333218
334025
334150
335035
336807
337824
337931
338984
339254
339557
341623
341722
342378
342655
343390
343466
344740
345935
346591
347084
348169
348523
348756
348885
350611
350897
351542
353273
354151
354174
355994
356149
356372
356815
357939
359283
362154
362839
362851
363445
364415
364995
366064
366509
367569
367819
368324
368557
371422
372481
374869
375135
375164
375303
375566
376660
376934
377116
377289
377538
377644
378078
378283
379931
380754
381704
381778
382509
382985
383074
384624